                |     [1]     [2]     [3]     [4]     [5]     [6]     [7]     [8]     [9]    [10]    [11]    [12]
cby_1__1_       |    0000    0000    0000    0000    0000    0000    0000    0000    0000    0000    0000    0000
cby_1__2_       |    0000    0000    0000    0000    0000    0000    0000    0000    0000    0000    0000    0000
cby_1__3_       |    0000    0000    0000    0000    0000    0000    0000    0000    0000    0000    0000    0000
cby_1__4_       |    0000    0000    0000    0000    0000    0000    0000    0000    0000    0000    0000    0000
cby_1__5_       |    0000    0000    0000    0000    0000    0000    0000    0000    0000    0000    0000    0000
cby_1__6_       |    0000    0000    0000    0000    0000    0000    0000    0000    0000    0000    0000    0000
cby_1__7_       |    0000    0000    0000    0000    0000    0000    0000    0000    0000    0000    0000    0000
cby_1__8_       |    0000    0000    0000    0000    0000    0000    0000    0000    0000    0000    0000    0000
cby_7__1_       |    0000    0000    0000    0000    0000    0000    0000    0000    0000    0000    0000    0000
cby_7__2_       |    0000    0000    0000    0000    0000    0000    0000    0000    0000    0000    0000    0000
cby_7__3_       |    0000    0000    0000    0000    0000    0000    0000    0000    0000    0000    0000    0000
cby_7__4_       |    0000    0000    0000    0000    0000    0000    0000    0000    0000    0000    0000    0000
cby_7__5_       |    0000    0000    0000    0000    0000    0000    0000    0000    0000    0000    0000    0000
cby_7__6_       |    0000    0000    0000    0000    0000    0000    0000    0000    0000    0000    0000    0000
cby_7__7_       |    0000    0000    0000    0000    0000    0000    0000    0000    0000    0000    0000    0000
cby_7__8_       |    0000    0000    0000    0000    0000    0000    0000    0000    0000    0000    0000    0000
