                |     [1]     [2]     [3]     [4]     [5]     [6]     [7]     [8]     [9]    [10]    [11]    [12]    [13]    [14]    [15]    [16]    [17]    [18]    [19]    [20]
sb_3__1_        |    0000    0000    0000    0000    0000    0000    0000    0000    0000    0000    0000    0000    0000    0000    0000    0000    0000    0000    0000    0000
sb_3__2_        |    0000    0000    0000    0000    0000    0000    0000    0000    0000    0000    0000    0000    0000    0000    0000    0000    0000    0000    0000    0000
sb_3__3_        |    0000    0000    0000    0000    0000    0000    0000    0000    0000    0000    0000    0000    0000    0000    0000    0000    0000    0000    0000    0000
sb_3__4_        |    0000    0000    0000    0000    0000    0000    0000    0000    0000    0000    0000    0000    0000    0000    0000    0000    0000    0000    0000    0000
sb_3__5_        |    0000    0000    0000    0000    0000    0000    0000    0000    0000    0000    0000    0000    0000    0000    0000    0000    0000    0000    0000    0000
sb_3__6_        |    0000    0000    0000    0000    0000    0000    0000    0000    0000    0000    0000    0000    0000    0000    0000    0000    0000    0000    0000    0000
sb_3__7_        |    0000    0000    0000    0000    0000    0000    0000    0000    0000    0000    0000    0000    0000    0000    0000    0000    0000    0000    0000    0000
sb_4__1_        |    0000    0000    0000    0000    0000    0000    0000    0000    0000    0000    0000    0000    0000    0000    0000    0000    0000    0000    0000    0000
sb_4__2_        |    0000    0000    0000    0000    0000    0000    0000    0000    0000    0000    0000    0000    0000    0000    0000    0000    0000    0000    0000    0000
sb_4__3_        |    0000    0000    0000    0000    0000    0000    0000    0000    0000    0000    0000    0000    0000    0000    0000    0000    0000    0000    0000    0000
sb_4__4_        |    0000    0000    0000    0000    0000    0000    0000    0000    0000    0000    0000    0000    0000    0000    0000    0000    0000    0000    0000    0000
sb_4__5_        |    0000    0000    0000    0000    0000    0000    0000    0000    0000    0000    0000    0000    0000    0000    0000    0000    0000    0000    0000    0000
sb_4__6_        |    0000    0000    0000    0000    0000    0000    0000    0000    0000    0000    0000    0000    0000    0000    0000    0000    0000    0000    0000    0000
sb_4__7_        |    0000    0000    0000    0000    0000    0000    0000    0000    0000    0000    0000    0000    0000    0000    0000    0000    0000    0000    0000    0000
sb_5__1_        |    0000    0000    0000    0000    0000    0000    0000    0000    0000    0000    0000    0000    0000    0000    0000    0000    0000    0000    0000    0000
sb_5__2_        |    0000    0000    0000    0000    0000    0000    0000    0000    0000    0000    0000    0000    0000    0000    0000    0000    0000    0000    0000    0000
sb_5__3_        |    0000    0000    0000    0000    0000    0000    0000    0000    0000    0000    0000    0000    0000    0000    0000    0000    0000    0000    0000    0000
sb_5__4_        |    0000    0000    0000    0000    0000    0000    0000    0000    0000    0000    0000    0000    0000    0000    0000    0000    0000    0000    0000    0000
sb_5__5_        |    0000    0000    0000    0000    0000    0000    0000    0000    0000    0000    0000    0000    0000    0000    0000    0000    0000    0000    0000    0000
sb_5__6_        |    0000    0000    0000    0000    0000    0000    0000    0000    0000    0000    0000    0000    0000    0000    0000    0000    0000    0000    0000    0000
sb_5__7_        |    0000    0000    0000    0000    0000    0000    0000    0000    0000    0000    0000    0000    0000    0000    0000    0000    0000    0000    0000    0000
sb_6__1_        |    0000    0000    0000    0000    0000    0000    0000    0000    0000    0000    0000    0000    0000    0000    0000    0000    0000    0000    0000    0000
sb_6__2_        |    0000    0000    0000    0000    0000    0000    0000    0000    0000    0000    0000    0000    0000    0000    0000    0000    0000    0000    0000    0000
sb_6__3_        |    0000    0000    0000    0000    0000    0000    0000    0000    0000    0000    0000    0000    0000    0000    0000    0000    0000    0000    0000    0000
sb_6__4_        |    0000    0000    0000    0000    0000    0000    0000    0000    0000    0000    0000    0000    0000    0000    0000    0000    0000    0000    0000    0000
sb_6__5_        |    0000    0000    0000    0000    0000    0000    0000    0000    0000    0000    0000    0000    0000    0000    0000    0000    0000    0000    0000    0000
sb_6__6_        |    0000    0000    0000    0000    0000    0000    0000    0000    0000    0000    0000    0000    0000    0000    0000    0000    0000    0000    0000    0000
sb_6__7_        |    0000    0000    0000    0000    0000    0000    0000    0000    0000    0000    0000    0000    0000    0000    0000    0000    0000    0000    0000    0000
