                |     [1]     [2]     [3]     [4]     [5]     [6]     [7]     [8]     [9]    [10]    [11]    [12]    [13]    [14]    [15]    [16]    [17]    [18]    [19]    [20]
cbx_1__1_       |    0000    0000    0000    0000    0000    0000    0000    0000    0000    0000    0000    0000    0000    0000    0000    0000    0000    0000    0000    0000
cbx_1__2_       |    0000    0000    0000    0000    0000    0000    0000    0000    0000    0000    0000    0000    0000    0000    0000    0000    0000    0000    0000    0000
cbx_1__3_       |    0000    0000    0000    0000    0000    0000    0000    0000    0000    0000    0000    0000    0000    0000    0000    0000    0000    0000    0000    0000
cbx_1__4_       |    0000    0000    0000    0000    0000    0000    0000    0000    0000    0000    0000    0000    0000    0000    0000    0000    0000    0000    0000    0000
cbx_1__5_       |    0000    0000    0000    0000    0000    0000    0000    0000    0000    0000    0000    0000    0000    0000    0000    0000    0000    0000    0000    0000
cbx_1__6_       |    0000    0000    0000    0000    0000    0000    0000    0000    0000    0000    0000    0000    0000    0000    0000    0000    0000    0000    0000    0000
cbx_1__7_       |    0000    0000    0000    0000    0000    0000    0000    0000    0000    0000    0000    0000    0000    0000    0000    0000    0000    0000    0000    0000
cbx_3__1_       |    0000    0000    0000    0000    0000    0000    0000    0000    0000    0000    0000    0000    0000    0000    0000    0000    0000    0000    0000    0000
cbx_3__2_       |    0000    0000    0000    0000    0000    0000    0000    0000    0000    0000    0000    0000    0000    0000    0000    0000    0000    0000    0000    0000
cbx_3__3_       |    0000    0000    0000    0000    0000    0000    0000    0000    0000    0000    0000    0000    0000    0000    0000    0000    0000    0000    0000    0000
cbx_3__4_       |    0000    0000    0000    0000    0000    0000    0000    0000    0000    0000    0000    0000    0000    0000    0000    0000    0000    0000    0000    0000
cbx_3__5_       |    0000    0000    0000    0000    0000    0000    0000    0000    0000    0000    0000    0000    0000    0000    0000    0000    0000    0000    0000    0000
cbx_3__6_       |    0000    0000    0000    0000    0000    0000    0000    0000    0000    0000    0000    0000    0000    0000    0000    0000    0000    0000    0000    0000
cbx_3__7_       |    0000    0000    0000    0000    0000    0000    0000    0000    0000    0000    0000    0000    0000    0000    0000    0000    0000    0000    0000    0000
cbx_4__1_       |    0000    0000    0000    0000    0000    0000    0000    0000    0000    0000    0000    0000    0000    0000    0000    0000    0000    0000    0000    0000
cbx_4__2_       |    0000    0000    0000    0000    0000    0000    0000    0000    0000    0000    0000    0000    0000    0000    0000    0000    0000    0000    0000    0000
cbx_4__3_       |    0000    0000    0000    0000    0000    0000    0000    0000    0000    0000    0000    0000    0000    0000    0000    0000    0000    0000    0000    0000
cbx_4__4_       |    0000    0000    0000    0000    0000    0000    0000    0000    0000    0000    0000    0000    0000    0000    0000    0000    0000    0000    0000    0000
cbx_4__5_       |    0000    0000    0000    0000    0000    0000    0000    0000    0000    0000    0000    0000    0000    0000    0000    0000    0000    0000    0000    0000
cbx_4__6_       |    0000    0000    0000    0000    0000    0000    0000    0000    0000    0000    0000    0000    0000    0000    0000    0000    0000    0000    0000    0000
cbx_4__7_       |    0000    0000    0000    0000    0000    0000    0000    0000    0000    0000    0000    0000    0000    0000    0000    0000    0000    0000    0000    0000
cbx_5__1_       |    0000    0000    0000    0000    0000    0000    0000    0000    0000    0000    0000    0000    0000    0000    0000    0000    0000    0000    0000    0000
cbx_5__2_       |    0000    0000    0000    0000    0000    0000    0000    0000    0000    0000    0000    0000    0000    0000    0000    0000    0000    0000    0000    0000
cbx_5__3_       |    0000    0000    0000    0000    0000    0000    0000    0000    0000    0000    0000    0000    0000    0000    0000    0000    0000    0000    0000    0000
cbx_5__4_       |    0000    0000    0000    0000    0000    0000    0000    0000    0000    0000    0000    0000    0000    0000    0000    0000    0000    0000    0000    0000
cbx_5__5_       |    0000    0000    0000    0000    0000    0000    0000    0000    0000    0000    0000    0000    0000    0000    0000    0000    0000    0000    0000    0000
cbx_5__6_       |    0000    0000    0000    0000    0000    0000    0000    0000    0000    0000    0000    0000    0000    0000    0000    0000    0000    0000    0000    0000
cbx_5__7_       |    0000    0000    0000    0000    0000    0000    0000    0000    0000    0000    0000    0000    0000    0000    0000    0000    0000    0000    0000    0000
cbx_6__1_       |    0000    0000    0000    0000    0000    0000    0000    0000    0000    0000    0000    0000    0000    0000    0000    0000    0000    0000    0000    0000
cbx_6__2_       |    0000    0000    0000    0000    0000    0000    0000    0000    0000    0000    0000    0000    0000    0000    0000    0000    0000    0000    0000    0000
cbx_6__3_       |    0000    0000    0000    0000    0000    0000    0000    0000    0000    0000    0000    0000    0000    0000    0000    0000    0000    0000    0000    0000
cbx_6__4_       |    0000    0000    0000    0000    0000    0000    0000    0000    0000    0000    0000    0000    0000    0000    0000    0000    0000    0000    0000    0000
cbx_6__5_       |    0000    0000    0000    0000    0000    0000    0000    0000    0000    0000    0000    0000    0000    0000    0000    0000    0000    0000    0000    0000
cbx_6__6_       |    0000    0000    0000    0000    0000    0000    0000    0000    0000    0000    0000    0000    0000    0000    0000    0000    0000    0000    0000    0000
cbx_6__7_       |    0000    0000    0000    0000    0000    0000    0000    0000    0000    0000    0000    0000    0000    0000    0000    0000    0000    0000    0000    0000
cbx_7__1_       |    0000    0000    0000    0000    0000    0000    0000    0000    0000    0000    0000    0000    0000    0000    0000    0000    0000    0000    0000    0000
cbx_7__2_       |    0000    0000    0000    0000    0000    0000    0000    0000    0000    0000    0000    0000    0000    0000    0000    0000    0000    0000    0000    0000
cbx_7__3_       |    0000    0000    0000    0000    0000    0000    0000    0000    0000    0000    0000    0000    0000    0000    0000    0000    0000    0000    0000    0000
cbx_7__4_       |    0000    0000    0000    0000    0000    0000    0000    0000    0000    0000    0000    0000    0000    0000    0000    0000    0000    0000    0000    0000
cbx_7__5_       |    0000    0000    0000    0000    0000    0000    0000    0000    0000    0000    0000    0000    0000    0000    0000    0000    0000    0000    0000    0000
cbx_7__6_       |    0000    0000    0000    0000    0000    0000    0000    0000    0000    0000    0000    0000    0000    0000    0000    0000    0000    0000    0000    0000
cbx_7__7_       |    0000    0000    0000    0000    0000    0000    0000    0000    0000    0000    0000    0000    0000    0000    0000    0000    0000    0000    0000    0000
