                |     [1]     [2]     [3]     [4]     [5]     [6]     [7]     [8]     [9]    [10]    [11]    [12]    [13]    [14]    [15]    [16]    [17]    [18]    [19]    [20]
sb_1__1_        |    0000    0000    0000    0000    0000    0000    0000    0000    0000    0000    0000    0000    0000    0000    0000    0000    0000    0000    0000    0000
sb_1__2_        |    0000    0000    0000    0000    0000    0000    0000    0000    0000    0000    0000    0000    0000    0000    0000    0000    0000    0000    0000    0000
sb_1__3_        |    0000    0000    0000    0000    0000    0000    0000    0000    0000    0000    0000    0000    0000    0000    0000    0000    0000    0000    0000    0000
sb_2__1_        |    0000    0000    0000    0000    0000    0000    0000    0000    0000    0000    0000    0000    0000    0000    0000    0000    0000    0000    0000    0000
sb_2__2_        |    0000    0000    0000    0000    0000    0000    0000    0000    0000    0000    0000    0000    0000    0000    0000    0000    0000    0000    0000    0000
sb_2__3_        |    0000    0000    0000    0000    0000    0000    0000    0000    0000    0000    0000    0000    0000    0000    0000    0000    0000    0000    0000    0000
sb_3__1_        |    0000    0000    0000    0000    0000    0000    0000    0000    0000    0000    0000    0000    0000    0000    0000    0000    0000    0000    0000    0000
sb_3__2_        |    0000    0000    0000    0000    0000    0000    0000    0000    0000    0000    0000    0000    0000    0000    0000    0000    0000    0000    0000    0000
sb_3__3_        |    0000    0000    0000    0000    0000    0000    0000    0000    0000    0000    0000    0000    0000    0000    0000    0000    0000    0000    0000    0000
