grid_clb    2500    0   0
grid_mult_8 5000    0   0
cbx_1__0_   1500    0   0
cbx_1__1_   1500    0   0
cbx_1__8_   1500    0   0
cbx_2__0_   1500    0   0
cbx_2__2_   1500    0   0
cbx_2__8_   1500    0   0
cby_0__1_   1500    0   0
cby_1__1_   1500    0   0
cby_2__1_   1500    0   0
cby_3__1_   1500    0   0
cby_8__1_   1500    0   0
sb_0__0_    1000    0   0
sb_0__1_    1500    0   0
sb_0__8_    1000    0   0
sb_1__0_    1500    0   0
sb_1__1_    2000    0   0
sb_1__2_    1500    0   0
sb_1__8_    1500    0   0
sb_2__0_    1500    0   0
sb_2__1_    1500    0   0
sb_2__2_    1500    0   0
sb_2__8_    1500    0   0
sb_3__0_    1500    0   0
sb_3__1_    1500    0   0
sb_3__8_    1500    0   0
sb_8__0_    1000    0   0
sb_8__1_    1500    0   0
sb_8__2_    1500    0   0
sb_8__8_    1000    0   0